<html><head><META http-equiv="Content-Type" content="text/html; charset=ISO-8859-1"><title>Appendix A &ndash; GMAT Message Window Output</title><link href="../files/style.css" type="text/css" rel="stylesheet"><meta content="DocBook XSL Stylesheets V1.78.1" name="generator"><link rel="home" href="index.html" title="General Mission Analysis Tool (GMAT)"><link rel="up" href="Orbit_Estimation_using_DSN_Range_and_Doppler_Data.html" title="Chapter&nbsp;14.&nbsp;Orbit Estimation using DSN Range and Doppler Data"><link rel="prev" href="ch14s08.html" title="References"><link rel="next" href="DSN_Estimation_Appendix_B.html" title="Appendix B &ndash; Zeroth Iteration Plots of Observation Residuals"></head><body bgcolor="white" text="black" link="#0000FF" vlink="#840084" alink="#0000FF"><div class="navheader"><table summary="Navigation header" width="100%"><tr><th align="center" colspan="3">Appendix A &ndash; GMAT Message Window Output</th></tr><tr><td align="left" width="20%"><a accesskey="p" href="ch14s08.html">Prev</a>&nbsp;</td><th align="center" width="60%">Chapter&nbsp;14.&nbsp;Orbit Estimation using DSN Range and Doppler Data</th><td align="right" width="20%">&nbsp;<a accesskey="n" href="DSN_Estimation_Appendix_B.html">Next</a></td></tr></table><hr></div><div class="section"><div class="titlepage"><div><div><h2 class="title" style="clear: both"><a name="DSN_Estimation_Appendix_A"></a>Appendix A &ndash; GMAT Message Window Output</h2></div></div></div><pre class="programlisting" width="80">Running mission...
Number of thrown records due to:
     .Invalid measurement value : 0
     .Record duplication or time order : 0
Data file '../output/Simulate DSN Range and Doppler Data 3 weeks.gmd' has 1348 of 1348 records used for estimation.
Total number of load records : 1348

List of tracking configurations (present in participant ID) for load records from data file '../output/Simulate DSN Range and Doppler Data 3 weeks.gmd':
   Config 0: {{22222,11111,22222},DSN_SeqRange}
   Config 1: {{22222,11111,22222},DSN_TCP}
   Config 2: {{33333,11111,33333},DSN_SeqRange}
   Config 3: {{33333,11111,33333},DSN_TCP}
   Config 4: {{44444,11111,44444},DSN_SeqRange}
   Config 5: {{44444,11111,44444},DSN_TCP}

****   No tracking configuration was generated because the tracking configuration is defined in the script.

Initializing new mat data writer
MATLAB file will be written to C:\Users\sslojkow\Documents\gmat\builds\LatestCompleteVersion\bin\..\output\Orbit Estimation using DSN Range and Doppler Data.mat
MATLAB Writer .mat version w5 invalid; defaulting to w6
********************************************************
*** Performing Estimation (using "bat")
*** 
********************************************************

a priori state:
   Estimation Epoch:
   27253.5004170646025158930570 A.1 modified Julian
   27253.5004166666661733004647 TAI modified Julian
   19 Aug 2015 00:00:00.000 UTCG
   Sat.SunMJ2000Eq.X = -126544963
   Sat.SunMJ2000Eq.Y = 61978518
   Sat.SunMJ2000Eq.Z = 24133225
   Sat.SunMJ2000Eq.VX = -13.789
   Sat.SunMJ2000Eq.VY = -24.673
   Sat.SunMJ2000Eq.VZ = -10.662

Number of Records Removed Due To:
   . No Computed Value Configuration Available : 0
   . Out of Ramp Table Range   : 0
   . Signal Blocked : 0
   . Initial RMS Sigma Filter  : 0
   . Outer-Loop Sigma Editor : 0
Number of records used for estimation: 1348

   WeightedRMS residuals for this iteration : 1459.96324774
   BestRMS residuals                        : 1459.96324774
   PredictedRMS residuals for next iteration: 0.977684716761

------------------------------------------------------
Iteration 1

Current estimated state:
   Estimation Epoch:
   27253.5004170646025158930570 A.1 modified Julian
   27253.5004166666661733004647 TAI modified Julian
   19 Aug 2015 00:00:00.000 UTCG
   Sat.SunMJ2000Eq.X = -126544964.083
   Sat.SunMJ2000Eq.Y = 61978520.0714
   Sat.SunMJ2000Eq.Z = 24133223.2424
   Sat.SunMJ2000Eq.VX = -13.789001388
   Sat.SunMJ2000Eq.VY = -24.6729990628
   Sat.SunMJ2000Eq.VZ = -10.662000523

Number of Records Removed Due To:
   . No Computed Value Configuration Available : 0
   . Out of Ramp Table Range   : 0
   . Signal Blocked : 0
   . Initial RMS Sigma Filter  : 0
   . Outer-Loop Sigma Editor : 1
Number of records used for estimation: 1347

   WeightedRMS residuals for this iteration : 0.974259069508
   BestRMS residuals                        : 0.974259069508
   PredictedRMS residuals for next iteration: 0.974224174165
This iteration is converged due to relative convergence criteria.


********************************************************
*** Estimation Completed in 2 iterations
********************************************************

Estimation converged!
      |1 - RMSP/RMSB| = | 1- 0.974224 / 0.974259| = 3.58173e-05 is less than RelativeTol, 0.0001

Final Estimated State:

   Estimation Epoch:
   27253.5004170646025158930570 A.1 modified Julian
   27253.5004166666661733004647 TAI modified Julian
   19 Aug 2015 00:00:00.000 UTCG
   Sat.SunMJ2000Eq.X = -126544963.637
   Sat.SunMJ2000Eq.Y = 61978520.6939
   Sat.SunMJ2000Eq.Z = 24133223.6628
   Sat.SunMJ2000Eq.VX = -13.7890015517
   Sat.SunMJ2000Eq.VY = -24.6729992038
   Sat.SunMJ2000Eq.VZ = -10.6620000077
</pre><pre class="programlisting" width="80">
Final Covariance Matrix:

         6.568631977218e+00         1.044777728608e+01         3.117063688646e+00        -2.346661054173e-06         4.986079628477e-07         1.614625814366e-06
         1.044777710993e+01         2.043036379635e+01        -4.249227712186e+00        -3.704711284679e-06         1.982306082751e-07         3.981551919217e-06
         3.117064114026e+00        -4.249226952008e+00         2.371354504010e+01        -1.180689659682e-06         1.672460285882e-06        -2.645600028262e-06
        -2.346661055323e-06        -3.704711349403e-06        -1.180689508343e-06         8.389295488954e-13        -1.640460214611e-13        -6.093050987987e-13
         4.986079968962e-07         1.982306774906e-07         1.672460265672e-06        -1.640460335201e-13         1.032410080241e-12        -2.192341045550e-12
         1.614625733805e-06         3.981551830454e-06        -2.645600161576e-06        -6.093050697768e-13        -2.192341060048e-12         5.785215030292e-12

Final Correlation Matrix:

             1.000000000000             0.901879241925             0.249752571898            -0.999655028427             0.191467746900             0.261923625542
             0.901879226720             1.000000000000            -0.193051736939            -0.894856861497             0.043162495440             0.366230559395
             0.249752605981            -0.193051702403             1.000000000000            -0.264712696708             0.338011482643            -0.225873973518
            -0.999655028917            -0.894856877130            -0.264712662778             1.000000000000            -0.176269364287            -0.276574613248
             0.191467759975             0.043162510510             0.338011478559            -0.176269377245             1.000000000000            -0.897061553257
             0.261923612473             0.366230551230            -0.225873984900            -0.276574600074            -0.897061559189             1.000000000000

********************************************************



Writing Estimator MATLAB File...
Finished Writing Estimator MATLAB File.

Mission run completed.
===&gt; Total Run Time: 220.532 seconds

========================================
</pre></div><div class="navfooter"><hr><table summary="Navigation footer" width="100%"><tr><td align="left" width="40%"><a accesskey="p" href="ch14s08.html">Prev</a>&nbsp;</td><td align="center" width="20%"><a accesskey="u" href="Orbit_Estimation_using_DSN_Range_and_Doppler_Data.html">Up</a></td><td align="right" width="40%">&nbsp;<a accesskey="n" href="DSN_Estimation_Appendix_B.html">Next</a></td></tr><tr><td valign="top" align="left" width="40%">References&nbsp;</td><td align="center" width="20%"><a accesskey="h" href="index.html">Home</a></td><td valign="top" align="right" width="40%">&nbsp;Appendix B &ndash; Zeroth Iteration Plots of Observation
    Residuals</td></tr></table></div></body></html>