
%  Test data for Annular eclipse
Data = [  -360289.895402500   1804947.560213000   782531.466557400       26499993.124778342       -132757256.161143260       -57556647.433934323             46.675056824          0.365440911
   -360926.944579662   1804840.516161845   782485.061519991       26501780.776234128       -132756955.057288200       -57556516.901344009             46.675051456          0.365440891
   -361563.993747349   1804733.472179746   782438.656509861       26501780.776234128       -132756955.057288200       -57556516.901344009             46.675036775          0.365440834
   -362201.042905511   1804626.428266710   782392.251527013       26503568.423790973       -132756653.933435630       -57556386.360094532             46.675011841          0.365440738
   -362838.092054101   1804519.384422750   782345.846571451       26503568.423790973       -132756653.933435630       -57556386.360094532             46.674977584          0.365440604
   -363475.141193069   1804412.340647873   782299.441643181       26503568.423790973       -132756653.933435630       -57556386.360094532             46.429764136          0.365440431
   -364112.190322366   1804305.296942090   782253.036742205       26505356.067448612       -132756352.789585620       -57556255.810185902             44.694434872          0.365440221
   -364749.239441943   1804198.253305411   782206.631868529       26507143.707206756       -132756051.625738230       -57556125.251618125             42.366433345          0.365439971
   -365386.288551751   1804091.209737844   782160.227022156       26507143.707206756       -132756051.625738230       -57556125.251618125             39.654373451          0.365439684
   -366023.337651741   1803984.166239401   782113.822203092       26507143.707206756       -132756051.625738230       -57556125.251618125             36.787088755          0.365439358
   -366660.386741864   1803877.122810090   782067.417411339       26508931.343065128       -132755750.441893460       -57555994.684391223             33.955561513          0.365438994
   -367297.435822071   1803770.079449922   782021.012646903       26508931.343065128       -132755750.441893460       -57555994.684391223             30.982204237          0.365438591
   -367934.484892314   1803663.036158908   781974.607909788       26510718.975023445       -132755449.238051350       -57555864.108505197             28.125220072          0.365438151
   -368571.533952542   1803555.992937055   781928.203199998       26512506.603081428       -132755148.014211940       -57555733.523960091             25.294476979          0.365437671
   -369208.583002709   1803448.949784375   781881.798517538       26512506.603081428       -132755148.014211940       -57555733.523960091             22.399712867          0.365437154
   -369845.632042764   1803341.906700878   781835.393862412       26512506.603081428       -132755148.014211940       -57555733.523960091             19.572594690          0.365436598
   -370482.681072658   1803234.863686573   781788.989234623       26514294.228437498       -132754846.770173240       -57555602.930668317             16.933505314          0.365436004
   -371119.730092343   1803127.820741470   781742.584634178       26516081.848693971       -132754545.506339330       -57555472.328805044             14.388551781          0.365435371
   -371756.779101770   1803020.777865581   781696.180061080       26516081.848693971       -132754545.506339330       -57555472.328805044             11.859579713          0.365434701
   -372393.828100889   1802913.735058914   781649.775515333       26517869.465049274       -132754244.222508210       -57555341.718282729              9.557354584          0.365433992
   -373030.877089653   1802806.692321479   781603.370996943       26517869.465049274       -132754244.222508210       -57555341.718282729              7.320523652          0.365433244
   -373667.926068012   1802699.649653288   781556.966505912       26517869.465049274       -132754244.222508210       -57555341.718282729              5.269512838          0.365432458
   -374304.975035917   1802592.607054349   781510.562042247       26519657.077503126       -132753942.918679940       -57555211.099101357              3.503354552          0.365431634
   -374942.023993319   1802485.564524674   781464.157605950       26521444.686055247       -132753641.594854530       -57555080.471260987              1.981969706          0.365430772
   -375579.072940170   1802378.522064272   781417.753197028       26521444.686055247       -132753641.594854530       -57555080.471260987              0.732432601          0.365429871
   -376216.121876420   1802271.479673154   781371.348815484       26521444.686055247       -132753641.594854530       -57555080.471260987              0.007972503          0.365428932
   -376853.170802020   1802164.437351330   781324.944461323       26523232.290705353       -132753340.251032040       -57554949.834761590              0.000000000          0.365427955
   -377490.219716923   1802057.395098809   781278.540134548       26523232.290705353       -132753340.251032040       -57554949.834761590              0.000000000          0.365426939
   -378127.268621079   1801950.352915603   781232.135835166       26525019.891453166       -132753038.887212490       -57554819.189603209              0.000000000          0.365425885
   -378764.317514438   1801843.310801723   781185.731563180       26526807.488298409       -132752737.503395930       -57554688.535785846              0.000000000          0.365424792
   -379401.366396953   1801736.268757177   781139.327318595       26526807.488298409       -132752737.503395930       -57554688.535785846              0.000000000          0.365423662
   -380038.415268574   1801629.226781977   781092.923101415       26526807.488298409       -132752737.503395930       -57554688.535785846       0.000000000          0.365422493];

%  Test data for total eclipse
