w1=[  	  0.e0, 0.e0, 0.e0, 0.e0, 1.e0
     	  0.e0, 0.e0, 0.e0, 0.e0, 2.e0
     	 -2.e0, 0.e0, 2.e0, 0.e0, 1.e0
     	  2.e0, 0.e0,-2.e0, 0.e0, 0.e0
     	 -2.e0, 0.e0, 2.e0, 0.e0, 2.e0
     	  1.e0,-1.e0, 0.e0,-1.e0, 0.e0
     	  0.e0,-2.e0, 2.e0,-2.e0, 1.e0
     	  2.e0, 0.e0,-2.e0, 0.e0, 1.e0
     	  0.e0, 0.e0, 2.e0,-2.e0, 2.e0
     	  0.e0, 1.e0, 0.e0, 0.e0, 0.e0
     	  0.e0, 1.e0, 2.e0,-2.e0, 2.e0
     	  0.e0,-1.e0, 2.e0,-2.e0, 2.e0
     	  0.e0, 0.e0, 2.e0,-2.e0, 1.e0
     	  2.e0, 0.e0, 0.e0,-2.e0, 0.e0
     	  0.e0, 0.e0, 2.e0,-2.e0, 0.e0
     	  0.e0, 2.e0, 0.e0, 0.e0, 0.e0
     	  0.e0, 1.e0, 0.e0, 0.e0, 1.e0
     	  0.e0, 2.e0, 2.e0,-2.e0, 2.e0
     	  0.e0,-1.e0, 0.e0, 0.e0, 1.e0
     	 -2.e0, 0.e0, 0.e0, 2.e0, 1.e0
     	  0.e0,-1.e0, 2.e0,-2.e0, 1.e0
     	  2.e0, 0.e0, 0.e0,-2.e0, 1.e0
     	  0.e0, 1.e0, 2.e0,-2.e0, 1.e0
     	  1.e0, 0.e0, 0.e0,-1.e0, 0.e0
     	  2.e0, 1.e0, 0.e0,-2.e0, 0.e0
     	  0.e0, 0.e0,-2.e0, 2.e0, 1.e0
     	  0.e0, 1.e0,-2.e0, 2.e0, 0.e0
     	  0.e0, 1.e0, 0.e0, 0.e0, 2.e0
     	 -1.e0, 0.e0, 0.e0, 1.e0, 1.e0
     	  0.e0, 1.e0, 2.e0,-2.e0, 0.e0
     	  0.e0, 0.e0, 2.e0, 0.e0, 2.e0
     	  1.e0, 0.e0, 0.e0, 0.e0, 0.e0
     	  0.e0, 0.e0, 2.e0, 0.e0, 1.e0
     	  1.e0, 0.e0, 2.e0, 0.e0, 2.e0
     	  1.e0, 0.e0, 0.e0,-2.e0, 0.e0
     	 -1.e0, 0.e0, 2.e0, 0.e0, 2.e0
     	  0.e0, 0.e0, 0.e0, 2.e0, 0.e0
     	  1.e0, 0.e0, 0.e0, 0.e0, 1.e0
     	 -1.e0, 0.e0, 0.e0, 0.e0, 1.e0
     	 -1.e0, 0.e0, 2.e0, 2.e0, 2.e0
     	  1.e0, 0.e0, 2.e0, 0.e0, 1.e0
     	  0.e0, 0.e0, 2.e0, 2.e0, 2.e0
     	  2.e0, 0.e0, 0.e0, 0.e0, 0.e0
     	  1.e0, 0.e0, 2.e0,-2.e0, 2.e0
     	  2.e0, 0.e0, 2.e0, 0.e0, 2.e0
     	  0.e0, 0.e0, 2.e0, 0.e0, 0.e0
     	 -1.e0, 0.e0, 2.e0, 0.e0, 1.e0
     	 -1.e0, 0.e0, 0.e0, 2.e0, 1.e0
     	  1.e0, 0.e0, 0.e0,-2.e0, 1.e0
     	 -1.e0, 0.e0, 2.e0, 2.e0, 1.e0
     	  1.e0, 1.e0, 0.e0,-2.e0, 0.e0
     	  0.e0, 1.e0, 2.e0, 0.e0, 2.e0
     	  0.e0,-1.e0, 2.e0, 0.e0, 2.e0
     	  1.e0, 0.e0, 2.e0, 2.e0, 2.e0
     	  1.e0, 0.e0, 0.e0, 2.e0, 0.e0
     	  2.e0, 0.e0, 2.e0,-2.e0, 2.e0
     	  0.e0, 0.e0, 0.e0, 2.e0, 1.e0
     	  0.e0, 0.e0, 2.e0, 2.e0, 1.e0
     	  1.e0, 0.e0, 2.e0,-2.e0, 1.e0
     	  0.e0, 0.e0, 0.e0,-2.e0, 1.e0
     	  1.e0,-1.e0, 0.e0, 0.e0, 0.e0
     	  2.e0, 0.e0, 2.e0, 0.e0, 1.e0
     	  0.e0, 1.e0, 0.e0,-2.e0, 0.e0
     	  1.e0, 0.e0,-2.e0, 0.e0, 0.e0
     	  0.e0, 0.e0, 0.e0, 1.e0, 0.e0
     	  1.e0, 1.e0, 0.e0, 0.e0, 0.e0
     	  1.e0, 0.e0, 2.e0, 0.e0, 0.e0
     	  1.e0,-1.e0, 2.e0, 0.e0, 2.e0
     	 -1.e0,-1.e0, 2.e0, 2.e0, 2.e0
     	 -2.e0, 0.e0, 0.e0, 0.e0, 1.e0
     	  3.e0, 0.e0, 2.e0, 0.e0, 2.e0
     	  0.e0,-1.e0, 2.e0, 2.e0, 2.e0
     	  1.e0, 1.e0, 2.e0, 0.e0, 2.e0
     	 -1.e0, 0.e0, 2.e0,-2.e0, 1.e0
     	  2.e0, 0.e0, 0.e0, 0.e0, 1.e0
     	  1.e0, 0.e0, 0.e0, 0.e0, 2.e0
     	  3.e0, 0.e0, 0.e0, 0.e0, 0.e0
     	  0.e0, 0.e0, 2.e0, 1.e0, 2.e0
     	 -1.e0, 0.e0, 0.e0, 0.e0, 2.e0
     	  1.e0, 0.e0, 0.e0,-4.e0, 0.e0
     	 -2.e0, 0.e0, 2.e0, 2.e0, 2.e0
     	 -1.e0, 0.e0, 2.e0, 4.e0, 2.e0
     	  2.e0, 0.e0, 0.e0,-4.e0, 0.e0
     	  1.e0, 1.e0, 2.e0,-2.e0, 2.e0
     	  1.e0, 0.e0, 2.e0, 2.e0, 1.e0
     	 -2.e0, 0.e0, 2.e0, 4.e0, 2.e0
     	 -1.e0, 0.e0, 4.e0, 0.e0, 2.e0
     	  1.e0,-1.e0, 0.e0,-2.e0, 0.e0
     	  2.e0, 0.e0, 2.e0,-2.e0, 1.e0
     	  2.e0, 0.e0, 2.e0, 2.e0, 2.e0
     	  1.e0, 0.e0, 0.e0, 2.e0, 1.e0
     	  0.e0, 0.e0, 4.e0,-2.e0, 2.e0
     	  3.e0, 0.e0, 2.e0,-2.e0, 2.e0
     	  1.e0, 0.e0, 2.e0,-2.e0, 0.e0
     	  0.e0, 1.e0, 2.e0, 0.e0, 1.e0
     	 -1.e0,-1.e0, 0.e0, 2.e0, 1.e0
     	  0.e0, 0.e0,-2.e0, 0.e0, 1.e0
     	  0.e0, 0.e0, 2.e0,-1.e0, 2.e0
     	  0.e0, 1.e0, 0.e0, 2.e0, 0.e0
     	  1.e0, 0.e0,-2.e0,-2.e0, 0.e0
     	  0.e0,-1.e0, 2.e0, 0.e0, 1.e0
     	  1.e0, 1.e0, 0.e0,-2.e0, 1.e0
     	  1.e0, 0.e0,-2.e0, 2.e0, 0.e0
     	  2.e0, 0.e0, 0.e0, 2.e0, 0.e0
     	  0.e0, 0.e0, 2.e0, 4.e0, 2.e0
     	  0.e0, 1.e0, 0.e0, 1.e0, 0.e0];

