Sat.Epoch = '01 Jun 2011 12:34:56.789';
Sat.X = -4852.074380872521000;
Sat.Y = 0.4;
Sat.Z = 4852.074380872517400;
Sat.VX = -0.635356787452373;
Sat.VY = -7.336240195908405;
Sat.VZ = 0.635356787452373;
Sat.Cd = 2.2;
Sat.Cr = 1.2;
Sat.DragArea = 20;
Sat.SRPArea = 20;
Sat.DryMass = 1000;

