Sat.Epoch = '27 Jul 2000 20:48:50.014' ;
Sat.X = 7482.391;
Sat.Y = -4121.720;
Sat.Z = -1169.794;
Sat.VX = 4.4335;
Sat.VY = 8.26669;
Sat.VZ = -1.5694;