Sat.Epoch = '01 Jun 2004 12:00:00.000';
Sat.X = -4453.783586;
Sat.Y = -5038.203756;
Sat.Z = -426.384456;
Sat.VX = 3.831888;
Sat.VY = -2.887221;
Sat.VZ = -6.018232;