Sat.Epoch = '01 Jun 2004 12:00:00.000';
Sat.X = -1486.792117191545200;
Sat.Y = 0.0;
Sat.Z = 1486.792117191543000;
Sat.VX = -0.142927729144255;
Sat.VY = -1.631407624437537;
Sat.VZ = 0.142927729144255;