Sat.Epoch = '31 Jul 2009 12:00:00.000' ;
Sat.X = -12720000;
Sat.Y = -128800000;
Sat.Z = 6509000;
Sat.VX = 33.4;
Sat.VY = 5.149000000000001;
Sat.VZ = 4.147;